index: 0 1 2 3 4 5 6 7 8 9
union: 0 1 2 3 4 5 6 7 8 9 (values)
index: 0 1 2 3 4 5 6 7 8 9
union: 0,1,2,3,4,5,6,7,8,0 (9,0 )
index: 0 1 2 3 4 5 6 7 8 9
union: 0,1,2,4,4,5,6,7,8,0 (3,4)
index: 0 1 2 3 4 5 6 7 8 9
union: 0,1,2,4,4,8,6,7,8,0 (5,8)
index: 0 1 2 3 4 5 6 7 8 9
union: 0,1,2,4,4,8,6,2,8,0 (7,2)
index: 0 1 2 3 4 5 6 7 8 9
union: 0,1,1,4,4,8,6,1,8,0 (2,1)
index: 0 1 2 3 4 5 6 7 8 9
union: 0,1,1,4,4,1,6,1,8,0 (5,7)
index: 0 1 2 3 4 5 6 7 8 9
union: 3,1,1,4,4,1,6,1,8,0 (0,3)
index: 0 1 2 3 4 5 6 7 8 9
union: 4,1,1,1,1,1,6,1,8,0 (4,2)
index: 0 1 2 3 4 5 6 7 8 9
union: 1,1,1,1,1,1,6,1,8,0 (Quickfind)

